175.0 -14.0
171.0 -12.0
165.0 -12.0
156.0 -11.0
145.0 -11.0
138.0 -13.0
131.0 -16.0
125.0 -19.0
118.0 -21.0
110.0 -27.0
106.0 -29.0
98.0 -32.0
97.0 -34.0
94.0 -37.0
89.0 -41.0
87.0 -41.0
86.0 -41.0
86.0 -41.0
88.0 -40.0
90.0 -40.0
92.0 -40.0
97.0 -38.0
100.0 -36.0
102.0 -35.0
109.0 -32.0
111.0 -31.0
114.0 -30.0
115.0 -31.0
116.0 -32.0
115.0 -33.0
115.0 -34.0
114.0 -34.0
113.0 -33.0
113.0 -32.0
113.0 -31.0
115.0 -31.0
116.0 -30.0
117.0 -30.0
120.0 -31.0
123.0 -32.0
124.0 -34.0
126.0 -35.0
129.0 -38.0
132.0 -38.0
134.0 -39.0
135.0 -41.0
135.0 -43.0
134.0 -47.0
133.0 -49.0
130.0 -50.0
128.0 -52.0
125.0 -54.0
120.0 -57.0
114.0 -57.0
106.0 -57.0
100.0 -57.0
90.0 -57.0
88.0 -59.0
82.0 -60.0
77.0 -58.0
76.0 -52.0
74.0 -43.0
78.0 -35.0
78.0 -26.0
80.0 -23.0
80.0 -18.0
83.0 -10.0
82.0 3.0
82.0 8.0
81.0 15.0
78.0 20.0
74.0 26.0
69.0 32.0
62.0 35.0
52.0 37.0
39.0 39.0
34.0 38.0
36.0 35.0
39.0 32.0
41.0 29.0
45.0 25.0
49.0 21.0
53.0 15.0
53.0 9.0
54.0 5.0
54.0 -1.0
53.0 -5.0
55.0 -9.0
55.0 -14.0
59.0 -17.0
62.0 -16.0
64.0 -15.0
63.0 -14.0
61.0 -13.0
56.0 -10.0
50.0 -7.0
42.0 -6.0
32.0 -6.0
21.0 -6.0
10.0 -8.0
-1.0 -11.0
-9.0 -14.0
-16.0 -19.0
-23.0 -25.0
-28.0 -28.0
-33.0 -33.0
-36.0 -35.0
-37.0 -38.0
-38.0 -41.0
-39.0 -45.0
-41.0 -47.0
-45.0 -46.0
-46.0 -44.0
-47.0 -42.0
-49.0 -41.0
-50.0 -39.0
-53.0 -36.0
-61.0 -34.0
-68.0 -32.0
-72.0 -34.0
-75.0 -35.0
-75.0 -37.0
-73.0 -38.0
-73.0 -39.0
-69.0 -41.0
-68.0 -46.0
-66.0 -48.0
-64.0 -50.0
-63.0 -55.0
-60.0 -59.0
-57.0 -60.0
-52.0 -62.0
-45.0 -63.0
-43.0 -64.0
-42.0 -69.0
-41.0 -73.0
-36.0 -82.0
-35.0 -90.0
-29.0 -92.0
-24.0 -96.0
-22.0 -98.0
-19.0 -101.0
-13.0 -102.0
-5.0 -105.0
1.0 -106.0
9.0 -105.0
13.0 -106.0
24.0 -106.0
30.0 -105.0
37.0 -101.0
45.0 -101.0
51.0 -99.0
54.0 -96.0
62.0 -91.0
67.0 -91.0
72.0 -87.0
78.0 -87.0
81.0 -88.0
85.0 -90.0
87.0 -93.0
89.0 -96.0
90.0 -99.0
91.0 -103.0
91.0 -107.0
90.0 -114.0
90.0 -118.0
89.0 -126.0
87.0 -132.0
80.0 -143.0
74.0 -151.0
69.0 -155.0
64.0 -156.0
61.0 -156.0
60.0 -154.0
61.0 -152.0
63.0 -147.0
64.0 -144.0
64.0 -134.0
64.0 -124.0
63.0 -119.0
60.0 -110.0
57.0 -104.0
54.0 -99.0
50.0 -95.0
43.0 -89.0
36.0 -86.0
27.0 -82.0
19.0 -82.0
9.0 -85.0
2.0 -86.0
-2.0 -89.0
-8.0 -91.0
-11.0 -94.0
-13.0 -97.0
-19.0 -102.0
-23.0 -106.0
-25.0 -109.0
-27.0 -115.0
-30.0 -120.0
-31.0 -124.0
-37.0 -129.0
-40.0 -132.0
-46.0 -137.0
-50.0 -138.0
-57.0 -138.0
-61.0 -136.0
-59.0 -135.0
-58.0 -134.0
-55.0 -132.0
-55.0 -129.0
-53.0 -125.0
-52.0 -121.0
-51.0 -117.0
-52.0 -113.0
-51.0 -112.0
-48.0 -108.0
-47.0 -107.0
-45.0 -105.0
-43.0 -105.0
-42.0 -103.0
-40.0 -102.0
-41.0 -97.0
-42.0 -96.0
-44.0 -91.0
-50.0 -85.0
-61.0 -79.0
-67.0 -76.0
-76.0 -67.0
-89.0 -60.0
-98.0 -56.0
-103.0 -53.0
-117.0 -46.0
-138.0 -39.0
-158.0 -39.0
-167.0 -38.0
-182.0 -39.0
-192.0 -39.0
-199.0 -42.0
-204.0 -45.0
-211.0 -48.0
-233.0 -52.0
-246.0 -54.0
-248.0 -54.0
-256.0 -50.0
-263.0 -46.0
-268.0 -38.0
-275.0 -29.0
-286.0 -22.0
-297.0 -18.0
